[gd_scene load_steps=5 format=3 uid="uid://bpxptti7p2ssw"]

[ext_resource type="Script" path="res://scenes/bullet_hole.gd" id="1_3p0an"]
[ext_resource type="Texture2D" uid="uid://b75s2jxpdvgw0" path="res://assets/textures/bullethole.png" id="1_dxhnn"]

[sub_resource type="StandardMaterial3D" id="StandardMaterial3D_8dr2q"]
transparency = 1
albedo_color = Color(0.647059, 0.443137, 0.647059, 0.207843)

[sub_resource type="BoxMesh" id="BoxMesh_jj32u"]
material = SubResource("StandardMaterial3D_8dr2q")

[node name="BulletHole" type="Node3D"]
transform = Transform3D(0.3, 0, 0, 0, 0.3, 0, 0, 0, 0.3, 0, 0, 0)
script = ExtResource("1_3p0an")

[node name="Decal" type="Decal" parent="."]
transform = Transform3D(-2.20742e-08, 2.20742e-08, -0.505, 0.505, 1.55294e-22, -2.20742e-08, 0, -0.505, -2.20742e-08, 0, 0, 0)
rotation_edit_mode = 1
texture_albedo = ExtResource("1_dxhnn")
modulate = Color(1, 1, 1, 0.560784)
upper_fade = 1e-05
lower_fade = 1e-05

[node name="MeshInstance3D" type="MeshInstance3D" parent="."]
visible = false
mesh = SubResource("BoxMesh_jj32u")

[node name="Timer" type="Timer" parent="."]
wait_time = 7.0
one_shot = true
autostart = true

[node name="EdgeCheckDown" type="RayCast3D" parent="."]
transform = Transform3D(-1, 1.09554e-07, -1.03912e-07, -1.50996e-07, -0.725542, 0.688177, -3.55271e-15, 0.688177, 0.725542, 0, 0, 0.5)
hit_from_inside = true

[node name="EdgeCheckLeft" type="RayCast3D" parent="."]
transform = Transform3D(-4.37114e-08, -0.725542, 0.688177, 1, -3.17145e-08, 3.00812e-08, 0, 0.688177, 0.725542, 0, 0, 0.5)
hit_from_inside = true

[node name="EdgeCheckRight" type="RayCast3D" parent="."]
transform = Transform3D(-4.37114e-08, 0.725542, -0.688177, -1, -3.17145e-08, 3.00812e-08, 0, 0.688177, 0.725542, 0, 0, 0.5)
hit_from_inside = true

[node name="EdgeCheckUp" type="RayCast3D" parent="."]
transform = Transform3D(1, 0, 0, 0, 0.725542, -0.688177, 0, 0.688177, 0.725542, 0, 0, 0.5)
hit_from_inside = true

[connection signal="timeout" from="Timer" to="." method="_on_timer_timeout"]
